{
  "nbformat": 4,
  "nbformat_minor": 0,
  "metadata": {
    "colab": {
      "provenance": [],
      "mount_file_id": "18BKRAicX1gbMob93WoNRHUE39CLUfAOE",
      "authorship_tag": "ABX9TyNZ/DLMnfjvEK+oDZcv4rhV",
      "include_colab_link": true
    },
    "kernelspec": {
      "name": "python3",
      "display_name": "Python 3"
    },
    "language_info": {
      "name": "python"
    }
  },
  "cells": [
    {
      "cell_type": "markdown",
      "metadata": {
        "id": "view-in-github",
        "colab_type": "text"
      },
      "source": [
        "<a href=\"https://colab.research.google.com/github/inagib21/BuildingPermitAnalysis/blob/main/Notebook.ipynb\" target=\"_parent\"><img src=\"https://colab.research.google.com/assets/colab-badge.svg\" alt=\"Open In Colab\"/></a>"
      ]
    },
    {
      "cell_type": "code",
      "source": [
        "import plotly.express as px"
      ],
      "metadata": {
        "id": "mEOHntMNa1ci"
      },
      "execution_count": 1,
      "outputs": []
    },
    {
      "cell_type": "markdown",
      "source": [
        "# Data Understanding:\n",
        "**Cb No** Community Board"
      ],
      "metadata": {
        "id": "GRVgC6-Ze-ht"
      }
    },
    {
      "cell_type": "markdown",
      "source": [],
      "metadata": {
        "id": "whnaoRgXa1_j"
      }
    },
    {
      "cell_type": "code",
      "source": [
        "\n",
        "import pandas as pd\n",
        "import seaborn as sns\n",
        "import numpy as np\n",
        "import matplotlib.pyplot as plt\n",
        "%matplotlib inline"
      ],
      "metadata": {
        "id": "4rLH-cIDa4Bs"
      },
      "execution_count": 2,
      "outputs": []
    },
    {
      "cell_type": "code",
      "source": [
        "!gdown --id 16dH6ZQFAmIOAK4CWXfhn60fUVoGSbVkz"
      ],
      "metadata": {
        "colab": {
          "base_uri": "https://localhost:8080/"
        },
        "id": "51756L_djlHg",
        "outputId": "c2c40924-ca21-40fe-9c26-94b3d4d6e0c0"
      },
      "execution_count": 3,
      "outputs": [
        {
          "output_type": "stream",
          "name": "stdout",
          "text": [
            "/usr/local/lib/python3.10/dist-packages/gdown/cli.py:121: FutureWarning: Option `--id` was deprecated in version 4.3.1 and will be removed in 5.0. You don't need to pass it anymore to use a file ID.\n",
            "  warnings.warn(\n",
            "Downloading...\n",
            "From: https://drive.google.com/uc?id=16dH6ZQFAmIOAK4CWXfhn60fUVoGSbVkz\n",
            "To: /content/ApprovedPermits.csv\n",
            "100% 213M/213M [00:04<00:00, 52.1MB/s]\n"
          ]
        }
      ]
    },
    {
      "cell_type": "code",
      "source": [
        "# Read CSV file into a DataFrame\n",
        "df = pd.read_csv('ApprovedPermits.csv')"
      ],
      "metadata": {
        "id": "plCVpcnhZjNT",
        "colab": {
          "base_uri": "https://localhost:8080/"
        },
        "outputId": "0bc477a6-c792-4697-de7a-4808021e3c49"
      },
      "execution_count": 4,
      "outputs": [
        {
          "output_type": "stream",
          "name": "stderr",
          "text": [
            "<ipython-input-4-f5cea7a8267f>:2: DtypeWarning: Columns (9,15) have mixed types. Specify dtype option on import or set low_memory=False.\n",
            "  df = pd.read_csv('ApprovedPermits.csv')\n"
          ]
        }
      ]
    },
    {
      "cell_type": "code",
      "source": [
        "#inspecting Dimensions\n",
        "df.shape"
      ],
      "metadata": {
        "id": "oY-H1qj6bfMD",
        "colab": {
          "base_uri": "https://localhost:8080/"
        },
        "outputId": "dcc3ae37-27e3-4327-ed95-3ebb86152b38"
      },
      "execution_count": 5,
      "outputs": [
        {
          "output_type": "execute_result",
          "data": {
            "text/plain": [
              "(445019, 35)"
            ]
          },
          "metadata": {},
          "execution_count": 5
        }
      ]
    },
    {
      "cell_type": "code",
      "source": [
        "#checking column info aswell as missing data\n",
        "df.info()"
      ],
      "metadata": {
        "id": "88UTzUphjCwR",
        "colab": {
          "base_uri": "https://localhost:8080/"
        },
        "outputId": "fd57d553-f98f-4a0a-b3dc-1d96c75410de"
      },
      "execution_count": 6,
      "outputs": [
        {
          "output_type": "stream",
          "name": "stdout",
          "text": [
            "<class 'pandas.core.frame.DataFrame'>\n",
            "RangeIndex: 445019 entries, 0 to 445018\n",
            "Data columns (total 35 columns):\n",
            " #   Column                                Non-Null Count   Dtype  \n",
            "---  ------                                --------------   -----  \n",
            " 0   Job Filing Number                     445019 non-null  object \n",
            " 1   Filing Reason                         445019 non-null  object \n",
            " 2   House No                              445019 non-null  object \n",
            " 3   Street Name                           445019 non-null  object \n",
            " 4   Borough                               445019 non-null  object \n",
            " 5   LOT                                   444877 non-null  float64\n",
            " 6   Bin                                   445019 non-null  int64  \n",
            " 7   Block                                 445019 non-null  int64  \n",
            " 8   C B NO                                444759 non-null  float64\n",
            " 9   Apt/Condo No(s)                       1710 non-null    object \n",
            " 10  Work on Floor                         443100 non-null  object \n",
            " 11  Work Type                             445019 non-null  object \n",
            " 12  Permittee's License Type              445019 non-null  object \n",
            " 13  Applicant License #                   445019 non-null  int64  \n",
            " 14  Applicant First Name                  445018 non-null  object \n",
            " 15  Applicant Middle Name                 146 non-null     object \n",
            " 16  Applicant Last Name                   445017 non-null  object \n",
            " 17  Applicant Business Name               444686 non-null  object \n",
            " 18  Applicant Business Address            418397 non-null  object \n",
            " 19  Filing Representative First Name      247400 non-null  object \n",
            " 20  Filing Representative Middle Initial  0 non-null       float64\n",
            " 21  Filing Representative Last Name       247397 non-null  object \n",
            " 22  Filing Representative Business Name   245220 non-null  object \n",
            " 23  Work Permit                           445019 non-null  object \n",
            " 24  Approved Date                         444989 non-null  object \n",
            " 25  Issued Date                           445019 non-null  object \n",
            " 26  Expired Date                          444945 non-null  object \n",
            " 27  Job Description                       445018 non-null  object \n",
            " 28  Estimated Job Costs                   445018 non-null  float64\n",
            " 29  Owner Business Name                   416574 non-null  object \n",
            " 30  Owner Name                            445008 non-null  object \n",
            " 31  Owner Street Address                  0 non-null       float64\n",
            " 32  Owner City                            0 non-null       float64\n",
            " 33  Owner State                           0 non-null       float64\n",
            " 34  Owner Zip Code                        0 non-null       float64\n",
            "dtypes: float64(8), int64(3), object(24)\n",
            "memory usage: 118.8+ MB\n"
          ]
        }
      ]
    },
    {
      "cell_type": "markdown",
      "source": [
        "it seems that some of the columns in the DataFrame have no non-null values, which means that they contain no useful information for analysis. Here are the columns that have no non-null values:\n",
        "\n",
        "Owner Street Address\n",
        "Owner City\n",
        "Owner State\n",
        "Owner Zip Code\n",
        "Filing Representative Middle Initial"
      ],
      "metadata": {
        "id": "7wnKNP9TlDJy"
      }
    },
    {
      "cell_type": "code",
      "source": [
        "#Dropping columns with no values\n",
        "df = df.drop(['Owner Street Address', 'Owner City', 'Owner State', 'Owner Zip Code', 'Filing Representative Middle Initial'], axis=1)\n"
      ],
      "metadata": {
        "id": "pkAhLR9MjNQ7"
      },
      "execution_count": 7,
      "outputs": []
    },
    {
      "cell_type": "code",
      "source": [
        "#Dropping columns with very small amount of values\n",
        "df = df.drop(['Apt/Condo No(s)','Applicant Middle Name'],axis=1)"
      ],
      "metadata": {
        "id": "FT6QTOdMk0XY"
      },
      "execution_count": 8,
      "outputs": []
    },
    {
      "cell_type": "code",
      "source": [
        "df.info()"
      ],
      "metadata": {
        "id": "k72afNauqBsu",
        "colab": {
          "base_uri": "https://localhost:8080/"
        },
        "outputId": "bf43e0f6-8996-465e-8fcd-d25ed3612be3"
      },
      "execution_count": 9,
      "outputs": [
        {
          "output_type": "stream",
          "name": "stdout",
          "text": [
            "<class 'pandas.core.frame.DataFrame'>\n",
            "RangeIndex: 445019 entries, 0 to 445018\n",
            "Data columns (total 28 columns):\n",
            " #   Column                               Non-Null Count   Dtype  \n",
            "---  ------                               --------------   -----  \n",
            " 0   Job Filing Number                    445019 non-null  object \n",
            " 1   Filing Reason                        445019 non-null  object \n",
            " 2   House No                             445019 non-null  object \n",
            " 3   Street Name                          445019 non-null  object \n",
            " 4   Borough                              445019 non-null  object \n",
            " 5   LOT                                  444877 non-null  float64\n",
            " 6   Bin                                  445019 non-null  int64  \n",
            " 7   Block                                445019 non-null  int64  \n",
            " 8   C B NO                               444759 non-null  float64\n",
            " 9   Work on Floor                        443100 non-null  object \n",
            " 10  Work Type                            445019 non-null  object \n",
            " 11  Permittee's License Type             445019 non-null  object \n",
            " 12  Applicant License #                  445019 non-null  int64  \n",
            " 13  Applicant First Name                 445018 non-null  object \n",
            " 14  Applicant Last Name                  445017 non-null  object \n",
            " 15  Applicant Business Name              444686 non-null  object \n",
            " 16  Applicant Business Address           418397 non-null  object \n",
            " 17  Filing Representative First Name     247400 non-null  object \n",
            " 18  Filing Representative Last Name      247397 non-null  object \n",
            " 19  Filing Representative Business Name  245220 non-null  object \n",
            " 20  Work Permit                          445019 non-null  object \n",
            " 21  Approved Date                        444989 non-null  object \n",
            " 22  Issued Date                          445019 non-null  object \n",
            " 23  Expired Date                         444945 non-null  object \n",
            " 24  Job Description                      445018 non-null  object \n",
            " 25  Estimated Job Costs                  445018 non-null  float64\n",
            " 26  Owner Business Name                  416574 non-null  object \n",
            " 27  Owner Name                           445008 non-null  object \n",
            "dtypes: float64(3), int64(3), object(22)\n",
            "memory usage: 95.1+ MB\n"
          ]
        }
      ]
    },
    {
      "cell_type": "markdown",
      "source": [
        "Almost half of the dataset does not have a filing representative. instead of dropping the rows that do not have any values we will fill the First name, Last Name and Business name with 'Unknown'.\n"
      ],
      "metadata": {
        "id": "xsJvhxrlusPL"
      }
    },
    {
      "cell_type": "code",
      "source": [
        "df['Filing Representative Business Name'] = df['Filing Representative Business Name'].fillna('Unknown')\n"
      ],
      "metadata": {
        "id": "xzluELYdvRng"
      },
      "execution_count": 10,
      "outputs": []
    },
    {
      "cell_type": "code",
      "source": [
        "df['Filing Representative First Name'] = df['Filing Representative First Name'].fillna('Unknown')"
      ],
      "metadata": {
        "id": "TNuhz0R1wKJ-"
      },
      "execution_count": 11,
      "outputs": []
    },
    {
      "cell_type": "code",
      "source": [
        "df['Filing Representative Last Name'] = df['Filing Representative Last Name'].fillna('Unknown')"
      ],
      "metadata": {
        "id": "lw-jjcSpw7Kf"
      },
      "execution_count": 12,
      "outputs": []
    },
    {
      "cell_type": "code",
      "source": [
        "# Check for NaN values\n",
        "print(df.isnull().sum())"
      ],
      "metadata": {
        "id": "AuuA3jpkxTQi",
        "colab": {
          "base_uri": "https://localhost:8080/"
        },
        "outputId": "e3420472-988b-4a08-c427-a964544a51dc"
      },
      "execution_count": 13,
      "outputs": [
        {
          "output_type": "stream",
          "name": "stdout",
          "text": [
            "Job Filing Number                          0\n",
            "Filing Reason                              0\n",
            "House No                                   0\n",
            "Street Name                                0\n",
            "Borough                                    0\n",
            "LOT                                      142\n",
            "Bin                                        0\n",
            "Block                                      0\n",
            "C B NO                                   260\n",
            "Work on Floor                           1919\n",
            "Work Type                                  0\n",
            "Permittee's License Type                   0\n",
            "Applicant License #                        0\n",
            "Applicant First Name                       1\n",
            "Applicant Last Name                        2\n",
            "Applicant Business Name                  333\n",
            "Applicant Business Address             26622\n",
            "Filing Representative First Name           0\n",
            "Filing Representative Last Name            0\n",
            "Filing Representative Business Name        0\n",
            "Work Permit                                0\n",
            "Approved Date                             30\n",
            "Issued Date                                0\n",
            "Expired Date                              74\n",
            "Job Description                            1\n",
            "Estimated Job Costs                        1\n",
            "Owner Business Name                    28445\n",
            "Owner Name                                11\n",
            "dtype: int64\n"
          ]
        }
      ]
    },
    {
      "cell_type": "code",
      "source": [
        "df['Applicant Business Address'] = df['Applicant Business Address'].fillna('Unknown')\n",
        "df['Owner Business Name'] = df['Owner Business Name'].fillna('Unknown')\n"
      ],
      "metadata": {
        "id": "05gzCEExxi8C"
      },
      "execution_count": 14,
      "outputs": []
    },
    {
      "cell_type": "code",
      "source": [
        "#Now we can drop any rows with missiing values\n",
        "df = df.dropna()"
      ],
      "metadata": {
        "id": "BoJxs2HrxlaQ"
      },
      "execution_count": 15,
      "outputs": []
    },
    {
      "cell_type": "code",
      "source": [
        "df.shape"
      ],
      "metadata": {
        "id": "PQZUgDrLBCXF",
        "colab": {
          "base_uri": "https://localhost:8080/"
        },
        "outputId": "37c87aa0-00b1-4d12-c568-d86f9c8490ff"
      },
      "execution_count": 16,
      "outputs": [
        {
          "output_type": "execute_result",
          "data": {
            "text/plain": [
              "(442248, 28)"
            ]
          },
          "metadata": {},
          "execution_count": 16
        }
      ]
    },
    {
      "cell_type": "code",
      "source": [
        "# Now we make sure columns are correct df type\n",
        "df.info()"
      ],
      "metadata": {
        "id": "GrOB5bIKBkc2",
        "colab": {
          "base_uri": "https://localhost:8080/"
        },
        "outputId": "f248430c-2053-4331-cb65-f7719e805bb5"
      },
      "execution_count": 17,
      "outputs": [
        {
          "output_type": "stream",
          "name": "stdout",
          "text": [
            "<class 'pandas.core.frame.DataFrame'>\n",
            "Int64Index: 442248 entries, 0 to 445018\n",
            "Data columns (total 28 columns):\n",
            " #   Column                               Non-Null Count   Dtype  \n",
            "---  ------                               --------------   -----  \n",
            " 0   Job Filing Number                    442248 non-null  object \n",
            " 1   Filing Reason                        442248 non-null  object \n",
            " 2   House No                             442248 non-null  object \n",
            " 3   Street Name                          442248 non-null  object \n",
            " 4   Borough                              442248 non-null  object \n",
            " 5   LOT                                  442248 non-null  float64\n",
            " 6   Bin                                  442248 non-null  int64  \n",
            " 7   Block                                442248 non-null  int64  \n",
            " 8   C B NO                               442248 non-null  float64\n",
            " 9   Work on Floor                        442248 non-null  object \n",
            " 10  Work Type                            442248 non-null  object \n",
            " 11  Permittee's License Type             442248 non-null  object \n",
            " 12  Applicant License #                  442248 non-null  int64  \n",
            " 13  Applicant First Name                 442248 non-null  object \n",
            " 14  Applicant Last Name                  442248 non-null  object \n",
            " 15  Applicant Business Name              442248 non-null  object \n",
            " 16  Applicant Business Address           442248 non-null  object \n",
            " 17  Filing Representative First Name     442248 non-null  object \n",
            " 18  Filing Representative Last Name      442248 non-null  object \n",
            " 19  Filing Representative Business Name  442248 non-null  object \n",
            " 20  Work Permit                          442248 non-null  object \n",
            " 21  Approved Date                        442248 non-null  object \n",
            " 22  Issued Date                          442248 non-null  object \n",
            " 23  Expired Date                         442248 non-null  object \n",
            " 24  Job Description                      442248 non-null  object \n",
            " 25  Estimated Job Costs                  442248 non-null  float64\n",
            " 26  Owner Business Name                  442248 non-null  object \n",
            " 27  Owner Name                           442248 non-null  object \n",
            "dtypes: float64(3), int64(3), object(22)\n",
            "memory usage: 97.8+ MB\n"
          ]
        }
      ]
    },
    {
      "cell_type": "code",
      "source": [
        "# Convert date variables to datetime format\n",
        "df['Approved Date'] = pd.to_datetime(df['Approved Date'])\n",
        "df['Issued Date'] = pd.to_datetime(df['Issued Date'])\n",
        "df['Expired Date'] = pd.to_datetime(df['Expired Date'])\n"
      ],
      "metadata": {
        "id": "v8F6vDNvBwDT"
      },
      "execution_count": 18,
      "outputs": []
    },
    {
      "cell_type": "code",
      "source": [
        "# Extract features from date variables\n",
        "df['Approved Year'] = df['Approved Date'].dt.year\n",
        "df['Approved Month'] = df['Approved Date'].dt.month\n",
        "df['Issued Year'] = df['Issued Date'].dt.year\n",
        "df['Issued Month'] = df['Issued Date'].dt.month\n",
        "df['Expired Year'] = df['Expired Date'].dt.year\n",
        "df['Expired Month'] = df['Expired Date'].dt.month\n"
      ],
      "metadata": {
        "id": "-fWr441IB5JB"
      },
      "execution_count": 19,
      "outputs": []
    },
    {
      "cell_type": "code",
      "source": [
        "\n",
        "# create correlation matrix\n",
        "corr = df.corr()\n",
        "\n",
        "fig = px.imshow(df.corr(), color_continuous_scale='RdBu', title='Correlation Heatmap')\n",
        "fig.update_layout(template='plotly_dark', paper_bgcolor='rgba(0,0,0,0)', plot_bgcolor='rgba(0,0,0,0)', )\n",
        "fig.show()\n"
      ],
      "metadata": {
        "id": "qmkVJdpwCrlD",
        "colab": {
          "base_uri": "https://localhost:8080/",
          "height": 633
        },
        "outputId": "5306ebb9-70cb-4a9d-cfe0-593a86e6b75f"
      },
      "execution_count": 20,
      "outputs": [
        {
          "output_type": "stream",
          "name": "stderr",
          "text": [
            "<ipython-input-20-480051ca1f52>:2: FutureWarning: The default value of numeric_only in DataFrame.corr is deprecated. In a future version, it will default to False. Select only valid columns or specify the value of numeric_only to silence this warning.\n",
            "  corr = df.corr()\n",
            "<ipython-input-20-480051ca1f52>:4: FutureWarning: The default value of numeric_only in DataFrame.corr is deprecated. In a future version, it will default to False. Select only valid columns or specify the value of numeric_only to silence this warning.\n",
            "  fig = px.imshow(df.corr(), color_continuous_scale='RdBu', title='Correlation Heatmap')\n"
          ]
        },
        {
          "output_type": "display_data",
          "data": {
            "text/html": [
              "<html>\n",
              "<head><meta charset=\"utf-8\" /></head>\n",
              "<body>\n",
              "    <div>            <script src=\"https://cdnjs.cloudflare.com/ajax/libs/mathjax/2.7.5/MathJax.js?config=TeX-AMS-MML_SVG\"></script><script type=\"text/javascript\">if (window.MathJax && window.MathJax.Hub && window.MathJax.Hub.Config) {window.MathJax.Hub.Config({SVG: {font: \"STIX-Web\"}});}</script>                <script type=\"text/javascript\">window.PlotlyConfig = {MathJaxConfig: 'local'};</script>\n",
              "        <script src=\"https://cdn.plot.ly/plotly-2.18.2.min.js\"></script>                <div id=\"8891f225-322b-4272-b638-807444e2ef82\" class=\"plotly-graph-div\" style=\"height:525px; width:100%;\"></div>            <script type=\"text/javascript\">                                    window.PLOTLYENV=window.PLOTLYENV || {};                                    if (document.getElementById(\"8891f225-322b-4272-b638-807444e2ef82\")) {                    Plotly.newPlot(                        \"8891f225-322b-4272-b638-807444e2ef82\",                        [{\"coloraxis\":\"coloraxis\",\"name\":\"0\",\"x\":[\"LOT\",\"Bin\",\"Block\",\"C B NO\",\"Applicant License #\",\"Estimated Job Costs\",\"Approved Year\",\"Approved Month\",\"Issued Year\",\"Issued Month\",\"Expired Year\",\"Expired Month\"],\"y\":[\"LOT\",\"Bin\",\"Block\",\"C B NO\",\"Applicant License #\",\"Estimated Job Costs\",\"Approved Year\",\"Approved Month\",\"Issued Year\",\"Issued Month\",\"Expired Year\",\"Expired Month\"],\"z\":[[1.0,0.0006669364883147789,-0.0017727500107670036,0.00011044769666428002,0.000921337433151658,-7.99594327866803e-05,0.0017473827983730376,-0.0006536594219299564,0.002277166643521789,-0.001828159095214035,0.0023973756371481825,-0.002002372203601755],[0.0006669364883147789,1.0,0.4901462987710119,0.9945150950353162,0.07732732771930337,0.005704500330367028,0.020346156965282837,0.009234519805317169,0.03269079550326755,-0.0001858348121385913,0.020424554153428705,-0.006324727185533265],[-0.0017727500107670036,0.4901462987710119,1.0,0.48155653812485344,0.05880723764759284,0.018495462850514986,0.022794693941662364,0.008070936314186787,0.03065862103785864,0.0027987048264179744,0.020731716667830767,-0.006512843278351505],[0.00011044769666428002,0.9945150950353162,0.48155653812485344,1.0,0.07793278160495354,0.003572456318187032,0.02323771753705996,0.010201334591678907,0.033139355326343815,0.0006819860895870233,0.0206089475534359,-0.006552673361443204],[0.000921337433151658,0.07732732771930337,0.05880723764759284,0.07793278160495354,1.0,-0.028157012042108312,-0.02709185667111846,-0.014874085384971914,-0.02181069675687536,0.0016310093015999452,-0.0061104708185369455,-0.009389847422454727],[-7.99594327866803e-05,0.005704500330367028,0.018495462850514986,0.003572456318187032,-0.028157012042108312,1.0,-0.02544853419420399,0.011783313772344548,-0.007468171562183249,-0.015397078285508565,-0.008406925806934869,-0.00014089776231581964],[0.0017473827983730376,0.020346156965282837,0.022794693941662364,0.02323771753705996,-0.02709185667111846,-0.02544853419420399,1.0,-0.22116501847906678,0.8714994860161502,-0.1312713490157727,0.7557497792520149,-0.03689187367464519],[-0.0006536594219299564,0.009234519805317169,0.008070936314186787,0.010201334591678907,-0.014874085384971914,0.011783313772344548,-0.22116501847906678,1.0,-0.11242845783289142,0.44813209519554453,-0.03957149606429915,0.12384919467536808],[0.002277166643521789,0.03269079550326755,0.03065862103785864,0.033139355326343815,-0.02181069675687536,-0.007468171562183249,0.8714994860161502,-0.11242845783289142,1.0,-0.26875179779487995,0.8548194887673037,-0.07495372905334058],[-0.001828159095214035,-0.0001858348121385913,0.0027987048264179744,0.0006819860895870233,0.0016310093015999452,-0.015397078285508565,-0.1312713490157727,0.44813209519554453,-0.26875179779487995,1.0,-0.10029002437230239,0.26134770893036396],[0.0023973756371481825,0.020424554153428705,0.020731716667830767,0.0206089475534359,-0.0061104708185369455,-0.008406925806934869,0.7557497792520149,-0.03957149606429915,0.8548194887673037,-0.10029002437230239,1.0,-0.20520833025984803],[-0.002002372203601755,-0.006324727185533265,-0.006512843278351505,-0.006552673361443204,-0.009389847422454727,-0.00014089776231581964,-0.03689187367464519,0.12384919467536808,-0.07495372905334058,0.26134770893036396,-0.20520833025984803,1.0]],\"type\":\"heatmap\",\"xaxis\":\"x\",\"yaxis\":\"y\",\"hovertemplate\":\"x: %{x}<br>y: %{y}<br>color: %{z}<extra></extra>\"}],                        {\"template\":{\"data\":{\"barpolar\":[{\"marker\":{\"line\":{\"color\":\"rgb(17,17,17)\",\"width\":0.5},\"pattern\":{\"fillmode\":\"overlay\",\"size\":10,\"solidity\":0.2}},\"type\":\"barpolar\"}],\"bar\":[{\"error_x\":{\"color\":\"#f2f5fa\"},\"error_y\":{\"color\":\"#f2f5fa\"},\"marker\":{\"line\":{\"color\":\"rgb(17,17,17)\",\"width\":0.5},\"pattern\":{\"fillmode\":\"overlay\",\"size\":10,\"solidity\":0.2}},\"type\":\"bar\"}],\"carpet\":[{\"aaxis\":{\"endlinecolor\":\"#A2B1C6\",\"gridcolor\":\"#506784\",\"linecolor\":\"#506784\",\"minorgridcolor\":\"#506784\",\"startlinecolor\":\"#A2B1C6\"},\"baxis\":{\"endlinecolor\":\"#A2B1C6\",\"gridcolor\":\"#506784\",\"linecolor\":\"#506784\",\"minorgridcolor\":\"#506784\",\"startlinecolor\":\"#A2B1C6\"},\"type\":\"carpet\"}],\"choropleth\":[{\"colorbar\":{\"outlinewidth\":0,\"ticks\":\"\"},\"type\":\"choropleth\"}],\"contourcarpet\":[{\"colorbar\":{\"outlinewidth\":0,\"ticks\":\"\"},\"type\":\"contourcarpet\"}],\"contour\":[{\"colorbar\":{\"outlinewidth\":0,\"ticks\":\"\"},\"colorscale\":[[0.0,\"#0d0887\"],[0.1111111111111111,\"#46039f\"],[0.2222222222222222,\"#7201a8\"],[0.3333333333333333,\"#9c179e\"],[0.4444444444444444,\"#bd3786\"],[0.5555555555555556,\"#d8576b\"],[0.6666666666666666,\"#ed7953\"],[0.7777777777777778,\"#fb9f3a\"],[0.8888888888888888,\"#fdca26\"],[1.0,\"#f0f921\"]],\"type\":\"contour\"}],\"heatmapgl\":[{\"colorbar\":{\"outlinewidth\":0,\"ticks\":\"\"},\"colorscale\":[[0.0,\"#0d0887\"],[0.1111111111111111,\"#46039f\"],[0.2222222222222222,\"#7201a8\"],[0.3333333333333333,\"#9c179e\"],[0.4444444444444444,\"#bd3786\"],[0.5555555555555556,\"#d8576b\"],[0.6666666666666666,\"#ed7953\"],[0.7777777777777778,\"#fb9f3a\"],[0.8888888888888888,\"#fdca26\"],[1.0,\"#f0f921\"]],\"type\":\"heatmapgl\"}],\"heatmap\":[{\"colorbar\":{\"outlinewidth\":0,\"ticks\":\"\"},\"colorscale\":[[0.0,\"#0d0887\"],[0.1111111111111111,\"#46039f\"],[0.2222222222222222,\"#7201a8\"],[0.3333333333333333,\"#9c179e\"],[0.4444444444444444,\"#bd3786\"],[0.5555555555555556,\"#d8576b\"],[0.6666666666666666,\"#ed7953\"],[0.7777777777777778,\"#fb9f3a\"],[0.8888888888888888,\"#fdca26\"],[1.0,\"#f0f921\"]],\"type\":\"heatmap\"}],\"histogram2dcontour\":[{\"colorbar\":{\"outlinewidth\":0,\"ticks\":\"\"},\"colorscale\":[[0.0,\"#0d0887\"],[0.1111111111111111,\"#46039f\"],[0.2222222222222222,\"#7201a8\"],[0.3333333333333333,\"#9c179e\"],[0.4444444444444444,\"#bd3786\"],[0.5555555555555556,\"#d8576b\"],[0.6666666666666666,\"#ed7953\"],[0.7777777777777778,\"#fb9f3a\"],[0.8888888888888888,\"#fdca26\"],[1.0,\"#f0f921\"]],\"type\":\"histogram2dcontour\"}],\"histogram2d\":[{\"colorbar\":{\"outlinewidth\":0,\"ticks\":\"\"},\"colorscale\":[[0.0,\"#0d0887\"],[0.1111111111111111,\"#46039f\"],[0.2222222222222222,\"#7201a8\"],[0.3333333333333333,\"#9c179e\"],[0.4444444444444444,\"#bd3786\"],[0.5555555555555556,\"#d8576b\"],[0.6666666666666666,\"#ed7953\"],[0.7777777777777778,\"#fb9f3a\"],[0.8888888888888888,\"#fdca26\"],[1.0,\"#f0f921\"]],\"type\":\"histogram2d\"}],\"histogram\":[{\"marker\":{\"pattern\":{\"fillmode\":\"overlay\",\"size\":10,\"solidity\":0.2}},\"type\":\"histogram\"}],\"mesh3d\":[{\"colorbar\":{\"outlinewidth\":0,\"ticks\":\"\"},\"type\":\"mesh3d\"}],\"parcoords\":[{\"line\":{\"colorbar\":{\"outlinewidth\":0,\"ticks\":\"\"}},\"type\":\"parcoords\"}],\"pie\":[{\"automargin\":true,\"type\":\"pie\"}],\"scatter3d\":[{\"line\":{\"colorbar\":{\"outlinewidth\":0,\"ticks\":\"\"}},\"marker\":{\"colorbar\":{\"outlinewidth\":0,\"ticks\":\"\"}},\"type\":\"scatter3d\"}],\"scattercarpet\":[{\"marker\":{\"colorbar\":{\"outlinewidth\":0,\"ticks\":\"\"}},\"type\":\"scattercarpet\"}],\"scattergeo\":[{\"marker\":{\"colorbar\":{\"outlinewidth\":0,\"ticks\":\"\"}},\"type\":\"scattergeo\"}],\"scattergl\":[{\"marker\":{\"line\":{\"color\":\"#283442\"}},\"type\":\"scattergl\"}],\"scattermapbox\":[{\"marker\":{\"colorbar\":{\"outlinewidth\":0,\"ticks\":\"\"}},\"type\":\"scattermapbox\"}],\"scatterpolargl\":[{\"marker\":{\"colorbar\":{\"outlinewidth\":0,\"ticks\":\"\"}},\"type\":\"scatterpolargl\"}],\"scatterpolar\":[{\"marker\":{\"colorbar\":{\"outlinewidth\":0,\"ticks\":\"\"}},\"type\":\"scatterpolar\"}],\"scatter\":[{\"marker\":{\"line\":{\"color\":\"#283442\"}},\"type\":\"scatter\"}],\"scatterternary\":[{\"marker\":{\"colorbar\":{\"outlinewidth\":0,\"ticks\":\"\"}},\"type\":\"scatterternary\"}],\"surface\":[{\"colorbar\":{\"outlinewidth\":0,\"ticks\":\"\"},\"colorscale\":[[0.0,\"#0d0887\"],[0.1111111111111111,\"#46039f\"],[0.2222222222222222,\"#7201a8\"],[0.3333333333333333,\"#9c179e\"],[0.4444444444444444,\"#bd3786\"],[0.5555555555555556,\"#d8576b\"],[0.6666666666666666,\"#ed7953\"],[0.7777777777777778,\"#fb9f3a\"],[0.8888888888888888,\"#fdca26\"],[1.0,\"#f0f921\"]],\"type\":\"surface\"}],\"table\":[{\"cells\":{\"fill\":{\"color\":\"#506784\"},\"line\":{\"color\":\"rgb(17,17,17)\"}},\"header\":{\"fill\":{\"color\":\"#2a3f5f\"},\"line\":{\"color\":\"rgb(17,17,17)\"}},\"type\":\"table\"}]},\"layout\":{\"annotationdefaults\":{\"arrowcolor\":\"#f2f5fa\",\"arrowhead\":0,\"arrowwidth\":1},\"autotypenumbers\":\"strict\",\"coloraxis\":{\"colorbar\":{\"outlinewidth\":0,\"ticks\":\"\"}},\"colorscale\":{\"diverging\":[[0,\"#8e0152\"],[0.1,\"#c51b7d\"],[0.2,\"#de77ae\"],[0.3,\"#f1b6da\"],[0.4,\"#fde0ef\"],[0.5,\"#f7f7f7\"],[0.6,\"#e6f5d0\"],[0.7,\"#b8e186\"],[0.8,\"#7fbc41\"],[0.9,\"#4d9221\"],[1,\"#276419\"]],\"sequential\":[[0.0,\"#0d0887\"],[0.1111111111111111,\"#46039f\"],[0.2222222222222222,\"#7201a8\"],[0.3333333333333333,\"#9c179e\"],[0.4444444444444444,\"#bd3786\"],[0.5555555555555556,\"#d8576b\"],[0.6666666666666666,\"#ed7953\"],[0.7777777777777778,\"#fb9f3a\"],[0.8888888888888888,\"#fdca26\"],[1.0,\"#f0f921\"]],\"sequentialminus\":[[0.0,\"#0d0887\"],[0.1111111111111111,\"#46039f\"],[0.2222222222222222,\"#7201a8\"],[0.3333333333333333,\"#9c179e\"],[0.4444444444444444,\"#bd3786\"],[0.5555555555555556,\"#d8576b\"],[0.6666666666666666,\"#ed7953\"],[0.7777777777777778,\"#fb9f3a\"],[0.8888888888888888,\"#fdca26\"],[1.0,\"#f0f921\"]]},\"colorway\":[\"#636efa\",\"#EF553B\",\"#00cc96\",\"#ab63fa\",\"#FFA15A\",\"#19d3f3\",\"#FF6692\",\"#B6E880\",\"#FF97FF\",\"#FECB52\"],\"font\":{\"color\":\"#f2f5fa\"},\"geo\":{\"bgcolor\":\"rgb(17,17,17)\",\"lakecolor\":\"rgb(17,17,17)\",\"landcolor\":\"rgb(17,17,17)\",\"showlakes\":true,\"showland\":true,\"subunitcolor\":\"#506784\"},\"hoverlabel\":{\"align\":\"left\"},\"hovermode\":\"closest\",\"mapbox\":{\"style\":\"dark\"},\"paper_bgcolor\":\"rgb(17,17,17)\",\"plot_bgcolor\":\"rgb(17,17,17)\",\"polar\":{\"angularaxis\":{\"gridcolor\":\"#506784\",\"linecolor\":\"#506784\",\"ticks\":\"\"},\"bgcolor\":\"rgb(17,17,17)\",\"radialaxis\":{\"gridcolor\":\"#506784\",\"linecolor\":\"#506784\",\"ticks\":\"\"}},\"scene\":{\"xaxis\":{\"backgroundcolor\":\"rgb(17,17,17)\",\"gridcolor\":\"#506784\",\"gridwidth\":2,\"linecolor\":\"#506784\",\"showbackground\":true,\"ticks\":\"\",\"zerolinecolor\":\"#C8D4E3\"},\"yaxis\":{\"backgroundcolor\":\"rgb(17,17,17)\",\"gridcolor\":\"#506784\",\"gridwidth\":2,\"linecolor\":\"#506784\",\"showbackground\":true,\"ticks\":\"\",\"zerolinecolor\":\"#C8D4E3\"},\"zaxis\":{\"backgroundcolor\":\"rgb(17,17,17)\",\"gridcolor\":\"#506784\",\"gridwidth\":2,\"linecolor\":\"#506784\",\"showbackground\":true,\"ticks\":\"\",\"zerolinecolor\":\"#C8D4E3\"}},\"shapedefaults\":{\"line\":{\"color\":\"#f2f5fa\"}},\"sliderdefaults\":{\"bgcolor\":\"#C8D4E3\",\"bordercolor\":\"rgb(17,17,17)\",\"borderwidth\":1,\"tickwidth\":0},\"ternary\":{\"aaxis\":{\"gridcolor\":\"#506784\",\"linecolor\":\"#506784\",\"ticks\":\"\"},\"baxis\":{\"gridcolor\":\"#506784\",\"linecolor\":\"#506784\",\"ticks\":\"\"},\"bgcolor\":\"rgb(17,17,17)\",\"caxis\":{\"gridcolor\":\"#506784\",\"linecolor\":\"#506784\",\"ticks\":\"\"}},\"title\":{\"x\":0.05},\"updatemenudefaults\":{\"bgcolor\":\"#506784\",\"borderwidth\":0},\"xaxis\":{\"automargin\":true,\"gridcolor\":\"#283442\",\"linecolor\":\"#506784\",\"ticks\":\"\",\"title\":{\"standoff\":15},\"zerolinecolor\":\"#283442\",\"zerolinewidth\":2},\"yaxis\":{\"automargin\":true,\"gridcolor\":\"#283442\",\"linecolor\":\"#506784\",\"ticks\":\"\",\"title\":{\"standoff\":15},\"zerolinecolor\":\"#283442\",\"zerolinewidth\":2}}},\"xaxis\":{\"anchor\":\"y\",\"domain\":[0.0,1.0],\"scaleanchor\":\"y\",\"constrain\":\"domain\"},\"yaxis\":{\"anchor\":\"x\",\"domain\":[0.0,1.0],\"autorange\":\"reversed\",\"constrain\":\"domain\"},\"coloraxis\":{\"colorscale\":[[0.0,\"rgb(103,0,31)\"],[0.1,\"rgb(178,24,43)\"],[0.2,\"rgb(214,96,77)\"],[0.3,\"rgb(244,165,130)\"],[0.4,\"rgb(253,219,199)\"],[0.5,\"rgb(247,247,247)\"],[0.6,\"rgb(209,229,240)\"],[0.7,\"rgb(146,197,222)\"],[0.8,\"rgb(67,147,195)\"],[0.9,\"rgb(33,102,172)\"],[1.0,\"rgb(5,48,97)\"]]},\"title\":{\"text\":\"Correlation Heatmap\"},\"paper_bgcolor\":\"rgba(0,0,0,0)\",\"plot_bgcolor\":\"rgba(0,0,0,0)\"},                        {\"responsive\": true}                    ).then(function(){\n",
              "                            \n",
              "var gd = document.getElementById('8891f225-322b-4272-b638-807444e2ef82');\n",
              "var x = new MutationObserver(function (mutations, observer) {{\n",
              "        var display = window.getComputedStyle(gd).display;\n",
              "        if (!display || display === 'none') {{\n",
              "            console.log([gd, 'removed!']);\n",
              "            Plotly.purge(gd);\n",
              "            observer.disconnect();\n",
              "        }}\n",
              "}});\n",
              "\n",
              "// Listen for the removal of the full notebook cells\n",
              "var notebookContainer = gd.closest('#notebook-container');\n",
              "if (notebookContainer) {{\n",
              "    x.observe(notebookContainer, {childList: true});\n",
              "}}\n",
              "\n",
              "// Listen for the clearing of the current output cell\n",
              "var outputEl = gd.closest('.output');\n",
              "if (outputEl) {{\n",
              "    x.observe(outputEl, {childList: true});\n",
              "}}\n",
              "\n",
              "                        })                };                            </script>        </div>\n",
              "</body>\n",
              "</html>"
            ]
          },
          "metadata": {}
        }
      ]
    },
    {
      "cell_type": "code",
      "source": [],
      "metadata": {
        "colab": {
          "base_uri": "https://localhost:8080/"
        },
        "id": "DOqQAqc5zSt1",
        "outputId": "6f8b6b5d-0803-4b5a-a365-f332feeb6e70"
      },
      "execution_count": 32,
      "outputs": [
        {
          "output_type": "stream",
          "name": "stdout",
          "text": [
            "<class 'pandas.core.frame.DataFrame'>\n",
            "Int64Index: 442248 entries, 0 to 445018\n",
            "Data columns (total 32 columns):\n",
            " #   Column                               Non-Null Count   Dtype         \n",
            "---  ------                               --------------   -----         \n",
            " 0   Filing Reason                        442248 non-null  object        \n",
            " 1   House No                             442248 non-null  float64       \n",
            " 2   Street Name                          442248 non-null  object        \n",
            " 3   Borough                              442248 non-null  object        \n",
            " 4   LOT                                  442248 non-null  float64       \n",
            " 5   Block                                442248 non-null  int64         \n",
            " 6   C B NO                               442248 non-null  float64       \n",
            " 7   Work on Floor                        442248 non-null  object        \n",
            " 8   Work Type                            442248 non-null  object        \n",
            " 9   Permittee's License Type             442248 non-null  object        \n",
            " 10  Applicant License #                  442248 non-null  int64         \n",
            " 11  Applicant First Name                 442248 non-null  object        \n",
            " 12  Applicant Last Name                  442248 non-null  object        \n",
            " 13  Applicant Business Name              442248 non-null  object        \n",
            " 14  Applicant Business Address           442248 non-null  object        \n",
            " 15  Filing Representative First Name     442248 non-null  object        \n",
